0.662750609904375,0.59517953572066,0.521661624356222,0.442931442479623,0.359775636043436,0.273025070377917,0.183546528459271,0.0922340503006761,0,0.0922340503006761,0.183546528459271,0.273025070377917,0.359775636043436,0.442931442479623,0.521661624356222,0.59517953572066,0.662750609904375
0.613327922398548,0.541319386593751,0.463947396354264,0.382012418811412,0.296393153352868,0.208108326231577,0.11869992716462,0.0368181819268296,0.0749297072727423,0.163390734246393,0.252510031275028,0.339604411978279,0.423497494026921,0.503255396382091,0.578041489785105,0.647088994025822,0.709697242955168
0.56203633253233,0.486274461041432,0.405904492634059,0.321916579333512,0.235616891476365,0.149438132473599,0.0735018074524027,0.0735018074524027,0.149438132473599,0.235616891476365,0.321916579333512,0.405904492634059,0.486274461041431,0.56203633253233,0.632343352934338,0.696444493585185,0.753670722618573
0.509640429483816,0.431065541215991,0.348996461317111,0.265006960797766,0.182109597260355,0.10991739811664,0.088447452745403,0.143377285807896,0.223106362131745,0.307109548420771,0.390385529320566,0.470865755774036,0.547260497093467,0.618577815452892,0.683983361573248,0.742752840621239,0.794255227853395
0.457140860378258,0.377131292497392,0.29552020666134,0.215589497888335,0.145933627122613,0.113090687018402,0.145933627122613,0.215589497888335,0.29552020666134,0.377131292497392,0.457140860378258,0.533779311903586,0.605828509754167,0.672330182588076,0.7324825990592,0.785600388522479,0.831098526522305
0.40590380270961,0.326608803130647,0.24926589091748,0.181422384608027,0.142056282678289,0.15632936371634,0.213356370810792,0.287377321343373,0.366272529086048,0.445167986691607,0.521622855054945,0.594101315299807,0.661474546084221,0.722837869501968,0.777436733678476,0.824634960831364,0.863900970976154
0.357864279823991,0.282757631679747,0.216259830207442,0.172739903968147,0.172739903968147,0.216259830207442,0.282757631679747,0.357864279823991,0.43496553411123,0.510783134202069,0.58337072073472,0.651379056098978,0.71377271688492,0.769711710224391,0.818498757507412,0.859554967645388,0.892408588365099
0.315798361877879,0.250327428596651,0.203916037873962,0.193191273070585,0.223734132798556,0.281560588359139,0.351875248951518,0.42649827384924,0.501213004673798,0.573579957610507,0.641980085254952,0.705218515782536,0.762352738792485,0.812613858524411,0.855368965024322,0.890102776518053,0.916408718715585
0.283512963628017,0.234941253232715,0.216079319777926,0.234941253232715,0.283512963628017,0.348185240196304,0.419676995707592,0.49282708445536,0.564642473395035,0.633189507317005,0.697085822093889,0.755269175109058,0.806888306639814,0.851249393381836,0.887789063225904,0.916060651994169,0.935727259684979
0.265432411829041,0.240250434049333,0.248956127806637,0.288203443036462,0.34659199130247,0.41436197843867,0.485504706452551,0.556444684158445,0.6248973167277,0.689266899488033,0.748354774955477,0.801216673868671,0.847090964559217,0.885361604806794,0.915538700059091,0.937248270858099,0.950226935305467
0.264907151403427,0.264907151403427,0.295135627471685,0.346826473491994,0.410370036937027,0.479094709119628,0.548849828848514,0.616974977006604,0.681638760023334,0.74149053656202,0.795482772471101,0.842779295238635,0.882706897472552,0.914729366003706,0.938433433658571,0.953521213881606,0.959806223107957
0.282046374540566,0.303783231235639,0.34857374301285,0.407484331263837,0.47342165877495,0.541702654096304,0.609279293241872,0.674066554032166,0.734547782246579,0.789562529344729,0.838193636617921,0.879706403141198,0.913515321254105,0.939165709094398,0.956323567099389,0.964770065272113,0.964398709457591
0.313634999557105,0.351495549078175,0.405465759303032,0.468292965143377,0.534834605882414,0.601656582477321,0.66640713730645,0.727391341604324,0.783326909627483,0.83320961340391,0.876239151264978,0.911777901278681,0.939327758883239,0.958517096871092,0.969093501307567,0.970919890389797,0.963972730867828
0.355251293830914,0.404064680002446,0.463506317503954,0.528069197338801,0.593946919950477,0.658512652607333,0.719882709835646,0.776644787782117,0.827701888167258,0.872184246262412,0.909399487825086,0.93880422266645,0.959987801181329,0.972663089548734,0.976661392789338,0.971929950047558,0.958531219605947
0.403031902622971,0.458856926538868,0.521227255737284,0.585988264766489,0.650233984092879,0.711883073954668,0.769385681974932,0.821546683466806,0.867423225594017,0.906265732918671,0.93748382644531,0.960626577409356,0.975371117646637,0.981516223876998,0.978978984973329,0.967793568089716,0.948111717552189
0.454144179594193,0.514131814451286,0.577620308757168,0.641423972741167,0.703256123257057,0.7614222875889,0.814624111709807,0.861842229239506,0.902267594099095,0.935261299209872,0.960331028746093,0.977117301363273,0.98538557655311,0.985021992869811,0.976031535057265,0.958538111172083,0.932786561574149
0.506612492654143,0.568687939172148,0.631940313438506,0.693870585313606,0.752632765929976,0.806820279775497,0.855333956054102,0.897303163217447,0.932039085967226,0.959007067293602,0.977810278890876,0.988180211695735,0.989971388508276,0.983158859171419,0.967837795357236,0.944225074278691,0.912663283546195
0.559044252541155,0.621648086010012,0.683602452281441,0.742902762844214,0.798029150789859,0.847799395374222,0.89127928201523,0.927728854557075,0.956570315040986,0.977368905551131,0.989821642969955,0.993750912093399,0.989101221776973,0.975938265506849,0.954450037325549,0.924950298947854,0.887885315643524
0.610421900186549,0.672336882710308,0.732127147950726,0.788154158405161,0.839149332895299,0.884112946451552,0.922252800725448,0.952947309471965,0.975723357826659,0.990243135256471,0.996296515861155,0.993797012876737,0.982780260393512,0.963404628773953,0.935954133344335,0.900844389563246,0.858633155699602
0.659969780338586,0.72021147800604,0.77710957926808,0.829305638189017,0.875732508391473,0.915544761065492,0.948076524312693,0.9728160581146,0.989390528950295,0.997557082392784,0.997197936515271,0.988318246102611,0.971046192888086,0.945635324851194,0.912469741191183,0.872073443865207,0.825126241707802
0.707073197538021,0.764821677167039,0.818202347448482,0.866078688048815,0.907551146896544,0.941909218175413,0.968602432699956,0.987222902397351,0.997494986604054,0.999269466949831,0.992520760427932,0.977346466528196,0.953969133887357,0.922740693069574,0.884150674601234,0.838840288039409,0.787625930913354
0.751229637987463,0.805786559493016,0.855105413821071,0.89823171425796,0.934410124906077,0.963051515531137,0.983713083926114,0.996086511725237,0.999991164578803,0.995370624877944,0.982291683783247,0.960945538363102,0.931651495717649,0.894864116882898,0.851185599099153,0.801386522349442,0.746440214842603
